  0.010   0.010   0.010   0.010  3   98.0000   98.0000   0.0329  98.6667  0.0000  2.9814  1.8257  0.0000  2.9814
  0.010   0.010   0.010   0.100  3   98.0000   98.0000   0.0258  98.6667  0.0000  2.9814  1.8257  0.0000  2.9814
  0.010   0.010   0.010   1.000  3   97.3333   97.3333   0.0155  98.0000  0.0000  2.7889  1.8257  0.0000  2.7889
  0.010   0.010   0.010  10.000  3   96.6667   96.6667   0.0130  97.3333  0.0000  2.3570  1.4907  0.0000  2.3570
  0.010   0.010   0.100   0.010  3   98.0000   98.0000   0.0312  98.6667  0.0000  2.9814  1.8257  0.0000  2.9814
  0.010   0.010   0.100   0.100  3   98.0000   98.0000   0.0141  98.6667  0.0000  2.9814  1.8257  0.0000  2.9814
  0.010   0.010   0.100   1.000  3   97.3333   97.3333   0.0250  98.0000  0.0000  2.7889  1.8257  0.0000  2.7889
  0.010   0.010   0.100  10.000  3   96.6667   96.6667   0.0284  98.0000  0.0000  2.3570  1.8257  0.0000  2.3570
  0.010   0.010   1.000   0.010  3   90.6667   90.6667   0.0315  94.0000  0.0000  9.2496  8.2999  0.0000  9.2496
  0.010   0.010   1.000   0.100  3   90.6667   90.6667   0.0331  94.0000  0.0000  9.2496  8.2999  0.0000  9.2496
  0.010   0.010   1.000   1.000  3   90.6667   90.6667   0.0249  94.0000  0.0000  9.2496  8.2999  0.0000  9.2496
  0.010   0.010   0.010   0.010  3   98.0000   98.0000   0.0301  98.6667  0.0000  2.9814  1.8257  0.0000  2.9814
  0.010   0.010   0.010   0.100  3   98.0000   98.0000   0.0172  98.6667  0.0000  2.9814  1.8257  0.0000  2.9814
  0.010   0.010   0.010   1.000  3   97.3333   97.3333   0.0142  98.0000  0.0000  2.7889  1.8257  0.0000  2.7889
  0.010   0.010   0.010  10.000  3   96.6667   96.6667   0.0252  97.3333  0.0000  2.3570  1.4907  0.0000  2.3570
  0.010   0.010   0.100   0.010  3   98.0000   98.0000   0.0514  98.6667  0.0000  2.9814  1.8257  0.0000  2.9814
  0.010   0.010   0.100   0.100  3   98.0000   98.0000   0.0166  98.6667  0.0000  2.9814  1.8257  0.0000  2.9814
  0.010   0.010   0.100   1.000  3   97.3333   97.3333   0.0265  98.0000  0.0000  2.7889  1.8257  0.0000  2.7889
